  2  0  0          873947   126053       0
  3  4184  0          666988   328828       1.2564111803778844
  4  12079  0          448428   539493       2.189922621162786
  5  22819  0          270403   706778       3.1276170269340473
  6  36294  0          148056   815650       4.260139164076512
  7  51743  0          74941   873316       5.593481064451024
  8  68517  0          35610   895873       7.104698306701645
  9  87002  0          16055   896943       8.842160893139352
  10  105947  0          7064   886989       10.670073398486911
  11  125140  0          2969   871891       12.551264704908874
  12  146331  0          1213   852456       14.65087150713816
  13  165084  0          481   834435       16.516344361637948
  14  186471  0          178   813351       18.6504197747199
  15  206622  0          98   793280       20.66422509405922
  16  226625  0          24   773351       22.66304391305391
  17  246324  0          17   753659       24.632818757918884
  18  266124  0          9   733867       26.612639513755624
  19  285351  0          0   714649       28.5351
  20  304544  0          0   695456       30.4544 
