 2  0.0008405201929580771    0.0006950260348563795  6.595481661027442E-06       7915  12597    4682  0     0  0  105.37911718612959  1.5915350600126343  0   12597    87403
 3  0.00031814446263208387    0.00041044836180164544  7.832205261810273E-05       22039  31250    11192  2202     221  0  5.2405210037457275  1.417940922909388  0.19674767691208006   33452    66548
 4  0.00011886537642441466    0.0002627454023120431  8.68063482141105E-05       29330  41525    25298  13726     623  0  3.0267993956383648  1.4157858847596319  0.5425725353782908   55251    44749
 5  4.4667165975452747E-05    0.00017726172191017764  7.353103714319807E-05       29353  43950    42487  29016     1126  0  2.410706128963871  1.4972915885940108  0.6829383105420481   72966    27034
 6  1.6702212976884538E-05    0.00012396560742218774  5.7723535433606106E-05       25880  41646    57616  43693     1843  0  2.147574754231289  1.6091962905718702  0.7583483754512635   85339    14661
 7  6.367422761223881E-06    8.890281656818996E-05  4.322474997930119E-05       21338  37554    68525  54866     2557  0  2.0567572192034054  1.759958759021464  0.8006712878511492   92420    7580
 8  2.2746575138038583E-06    6.510959210008003E-05  3.238840375103396E-05       16781  33326    76273  63176     3448  0  2.010274807013343  1.9859364757761755  0.8282878607108676   96502    3498
 9  8.274325271855177E-07    4.91843703951893E-05  2.459125910374061E-05       12991  29331    81032  69057     4365  0  2.0000753189456573  2.2577938572858134  0.8522188764932372   98388    1612
 10  3.235339845003865E-07    3.773487765012092E-05  1.8822242159108308E-05       10038  26047    83916  73202     5295  0  2.004802474176041  2.594839609483961  0.872324705658039   99249    751
 11  1.0623059216404806E-07    2.962155842663391E-05  1.4692051580568244E-05       7459  22854    85825  76843     6413  0  2.0161621584429694  3.0639495910980026  0.8953451791436062   99697    303
 12  3.505225228473868E-08    2.365661561949179E-05  1.165531494816352E-05       5592  20096    87075  79790     7219  0  2.0296848025732044  3.5937052932761087  0.91633649153029   99886    114
 13  1.2166316199995968E-08    1.9268800767506915E-05  9.441206436992907E-06       4174  17590    87522  82365     8259  0  2.040925690598941  4.214183037853378  0.9410776718996366   99955    45
 14  4.164545626711414E-09    1.5911782803757312E-05  7.706256738968222E-06       3072  15597    87382  84386     9529  0  2.0647875282037016  5.0771484375  0.9657137625597949   99983    17
 15  2.1615157872297406E-09    1.327505598511576E-05  6.371012457000039E-06       2204  13817    87402  86172     10383  0  2.0836650492701554  6.269056261343013  0.9859270954898057   99989    11
 16  3.387255451559773E-10    1.1232359421206612E-05  5.3480864670462995E-06       1583  12196    86810  87802     11605  0  2.100257632410746  7.704358812381554  1.0114272549245478   99998    2
 17  9.933597073398115E-10    9.665414817292305E-06  4.559048394784018E-06       1130  10768    86231  89227     12634  0  2.1200509361450193  9.529203539823008  1.0347438856095836   99995    5
 18  0    8.340818734497064E-06  3.9047479254043364E-06       773  9486    85687  90514     13540  0  2.13607098174804  12.271668822768435  1.056332932650227   100000    0
 19  1.5276749573838783E-10    7.243181257506384E-06  3.3638269651698256E-06       551  8192    84911  91807     14537  0  2.1532561967380226  14.867513611615244  1.0812144480691548   99999    1
 20  0    6.367770086497633E-06  2.939059516755959E-06       337  7434    84345  92566     15318  0  2.1666012716633163  22.059347181008903  1.0974687296223842   100000    0 